2 6190.057754516602
3 6721.707582473755
4 5436.759233474731
5 5713.873386383057
6 5631.570100784302
7 6453.194856643677
8 7511.723279953003
9 8670.230388641357
10 9609.777450561523
11 10418.363571166992
12 11142.035007476807
2 5130.059003829956
2 5179.481029510498
2 5413.279294967651
3 5334.270477294922
5 7448.838949203491
5 5074.602842330933
5 7402.818918228149
2 5219.362735748291
2 6606.011867523193
4 666.2857532501221
10 1613.6090755462646
5 968.3096408843994
5 8350.109338760376
5 7917.118310928345
5 7304.4469356536865
5 8287.604808807373
4 12904.646396636963
4 11532.000064849854
4 10877.869129180908
4 11733.940362930298
4 6793.536901473999
4 15026.13878250122
4 13339.732885360718
4 14682.823657989502
4 35440.4296875
4 111042.85836219788
4 6552.2730350494385
